0 0 0
0.020323 0 0.0111505
-0.00393916 0 0.00674693
-0.018399 0 -0.000245304
0.00447239 0 0.00226102
0.0281371 0 0.0189028
-0.0205195 0 0.0229652
-0.00706188 0 0.0269325
-0.0134087 0 0.00330332
-0.0171711 0 -0.00143786
-0.0137431 0 -0.0154689
0.00593503 0 -0.018878
0.0144902 0 0.00382332
-0.0232346 0 0.0246987
0.00698143 0 -0.0162203
-0.0115801 0 0.00581306
-0.00148393 0 -0.0284671
0.0276177 0 -0.0227367
-0.0170286 0 0.00435692
-0.000640169 0 0.0276023
-0.0200563 0 0.0296592
-0.00841356 0 0.00176863
0.0261377 0 -0.000238494
-0.0038255 0 -0.0015678
0.0137812 0 -0.0206338
-0.018319 0 0.0222406
-0.0113251 0 0.00626128
0.0297094 0 -0.0288145
0.00802642 0 -0.0177533
0.0281566 0 0.00680883
-0.00976054 0 -0.0221006
0.0126487 0 0.00541601
-0.0112155 0 -0.00942304
0.0284153 0 -0.0114905
0.0141721 0 0.0198054
0.0181121 0 -0.0213764
-0.0164202 0 0.0115702
0.0156639 0 -0.0158289
0.00584829 0 -0.010598
-0.00804534 0 -0.00756452
-0.0209407 0 0.00838658
0.008107 0 -0.0043316
-0.0146569 0 -0.0113803
0.0027727 0 0.0212008
0.00414405 0 0.0114989
-0.00586271 0 0.0105024
-0.0217329 0 -0.0106462
0.0145201 0 -0.0103933
0.00740677 0 0.0207551
0.00017328 0 0.0132717
-0.027676 0 0.00743768
0.0021024 0 -0.000787822
-0.0028214 0 0.00803989
0.0219993 0 0.00584902
-0.0271273 0 0.00665645
-0.0294663 0 0.0116694
-0.00171165 0 -0.0133467
-0.0253347 0 0.00184562
0.0254307 0 0.0213405
-0.0236133 0 -0.0181515
0.0158139 0 -0.0294213
-0.0152506 0 -0.0285463
-0.0124959 0 -0.0175298
-0.0250315 0 -0.0143109
-0.0132933 0 -0.00258527
-0.00872006 0 -0.0142088
-0.00791536 0 -0.0226412
0.0191901 0 0.0112974
-0.00258574 0 0.00848474
-0.0212881 0 0.0255247
-0.00315241 0 -0.0142745
-0.0292597 0 0.00860407
-0.0271395 0 0.00129376
0.00426429 0 -0.0223991
0.0222735 0 0.00272901
-0.000355247 0 -0.0242954
0.015221 0 0.022824
-0.00932455 0 -0.0214327
-0.014891 0 0.00561892
-0.0133514 0 -0.00978647
-0.00237231 0 -0.0108169
-0.00341076 0 -0.0274031
0.025416 0 -0.00205781
0.0275595 0 0.0253692
0.0249638 0 -0.0195261
-0.00347749 0 0.0295628
-0.0174458 0 0.0283936
-0.00671908 0 -0.0142767
0.00580857 0 -0.0175907
-0.00716305 0 -0.0158828
-0.00796906 0 -0.00385606
-0.00164251 0 0.0250106
-0.00589247 0 -0.0186486
-0.00538717 0 -0.0117028
-0.00717643 0 0.0224274
-0.00338436 0 -0.00922024
0.00934729 0 -0.00837174
-0.0230749 0 -0.0243996
0.0295406 0 -0.0211964
-0.0147425 0 0.0274966
